                                 1                                

       January               February                 March       
Su Mo Tu We Th Fr Sa   Su Mo Tu We Th Fr Sa   Su Mo Tu We Th Fr Sa
                   1          1  2  3  4  5          1  2  3  4  5
 2  3  4  5  6  7  8    6  7  8  9 10 11 12    6  7  8  9 10 11 12
 9 10 11 12 13 14 15   13 14 15 16 17 18 19   13 14 15 16 17 18 19
16 17 18 19 20 21 22   20 21 22 23 24 25 26   20 21 22 23 24 25 26
23 24 25 26 27 28 29   27 28                  27 28 29 30 31
30 31
        April                   May                   June        
Su Mo Tu We Th Fr Sa   Su Mo Tu We Th Fr Sa   Su Mo Tu We Th Fr Sa
                1  2    1  2  3  4  5  6  7             1  2  3  4
 3  4  5  6  7  8  9    8  9 10 11 12 13 14    5  6  7  8  9 10 11
10 11 12 13 14 15 16   15 16 17 18 19 20 21   12 13 14 15 16 17 18
17 18 19 20 21 22 23   22 23 24 25 26 27 28   19 20 21 22 23 24 25
24 25 26 27 28 29 30   29 30 31               26 27 28 29 30

        July                  August                September     
Su Mo Tu We Th Fr Sa   Su Mo Tu We Th Fr Sa   Su Mo Tu We Th Fr Sa
                1  2       1  2  3  4  5  6                1  2  3
 3  4  5  6  7  8  9    7  8  9 10 11 12 13    4  5  6  7  8  9 10
10 11 12 13 14 15 16   14 15 16 17 18 19 20   11 12 13 14 15 16 17
17 18 19 20 21 22 23   21 22 23 24 25 26 27   18 19 20 21 22 23 24
24 25 26 27 28 29 30   28 29 30 31            25 26 27 28 29 30
31
       October               November               December      
Su Mo Tu We Th Fr Sa   Su Mo Tu We Th Fr Sa   Su Mo Tu We Th Fr Sa
                   1          1  2  3  4  5                1  2  3
 2  3  4  5  6  7  8    6  7  8  9 10 11 12    4  5  6  7  8  9 10
 9 10 11 12 13 14 15   13 14 15 16 17 18 19   11 12 13 14 15 16 17
16 17 18 19 20 21 22   20 21 22 23 24 25 26   18 19 20 21 22 23 24
23 24 25 26 27 28 29   27 28 29 30            25 26 27 28 29 30 31
30 31

% time     seconds  usecs/call     calls    errors syscall
------ ----------- ----------- --------- --------- ----------------
  0.00    0.000000           0        10           read
  0.00    0.000000           0         1           write
  0.00    0.000000           0        16         6 open
  0.00    0.000000           0        12           close
  0.00    0.000000           0         3         1 stat
  0.00    0.000000           0        12           fstat
  0.00    0.000000           0         1           lseek
  0.00    0.000000           0        20           mmap
  0.00    0.000000           0        10           mprotect
  0.00    0.000000           0         5           munmap
  0.00    0.000000           0         4           brk
  0.00    0.000000           0         4         4 ioctl
  0.00    0.000000           0         3         2 access
  0.00    0.000000           0         1           execve
  0.00    0.000000           0         1           arch_prctl
------ ----------- ----------- --------- --------- ----------------
100.00    0.000000                   103        13 total
